{
  "cells": [
    {
      "cell_type": "code",
      "execution_count": 4,
      "metadata": {
        "colab": {
          "base_uri": "https://localhost:8080/"
        },
        "id": "bSZEceAh25nE",
        "outputId": "357780ee-bf89-439d-8f48-72e351bbbac3"
      },
      "outputs": [
        {
          "output_type": "stream",
          "name": "stdout",
          "text": [
            "Requirement already satisfied: yfinance in /usr/local/lib/python3.12/dist-packages (0.2.65)\n",
            "Requirement already satisfied: pandas>=1.3.0 in /usr/local/lib/python3.12/dist-packages (from yfinance) (2.2.2)\n",
            "Requirement already satisfied: numpy>=1.16.5 in /usr/local/lib/python3.12/dist-packages (from yfinance) (2.0.2)\n",
            "Requirement already satisfied: requests>=2.31 in /usr/local/lib/python3.12/dist-packages (from yfinance) (2.32.4)\n",
            "Requirement already satisfied: multitasking>=0.0.7 in /usr/local/lib/python3.12/dist-packages (from yfinance) (0.0.12)\n",
            "Requirement already satisfied: platformdirs>=2.0.0 in /usr/local/lib/python3.12/dist-packages (from yfinance) (4.4.0)\n",
            "Requirement already satisfied: pytz>=2022.5 in /usr/local/lib/python3.12/dist-packages (from yfinance) (2025.2)\n",
            "Requirement already satisfied: frozendict>=2.3.4 in /usr/local/lib/python3.12/dist-packages (from yfinance) (2.4.6)\n",
            "Requirement already satisfied: peewee>=3.16.2 in /usr/local/lib/python3.12/dist-packages (from yfinance) (3.18.2)\n",
            "Requirement already satisfied: beautifulsoup4>=4.11.1 in /usr/local/lib/python3.12/dist-packages (from yfinance) (4.13.5)\n",
            "Requirement already satisfied: curl_cffi>=0.7 in /usr/local/lib/python3.12/dist-packages (from yfinance) (0.13.0)\n",
            "Requirement already satisfied: protobuf>=3.19.0 in /usr/local/lib/python3.12/dist-packages (from yfinance) (5.29.5)\n",
            "Requirement already satisfied: websockets>=13.0 in /usr/local/lib/python3.12/dist-packages (from yfinance) (15.0.1)\n",
            "Requirement already satisfied: soupsieve>1.2 in /usr/local/lib/python3.12/dist-packages (from beautifulsoup4>=4.11.1->yfinance) (2.8)\n",
            "Requirement already satisfied: typing-extensions>=4.0.0 in /usr/local/lib/python3.12/dist-packages (from beautifulsoup4>=4.11.1->yfinance) (4.15.0)\n",
            "Requirement already satisfied: cffi>=1.12.0 in /usr/local/lib/python3.12/dist-packages (from curl_cffi>=0.7->yfinance) (1.17.1)\n",
            "Requirement already satisfied: certifi>=2024.2.2 in /usr/local/lib/python3.12/dist-packages (from curl_cffi>=0.7->yfinance) (2025.8.3)\n",
            "Requirement already satisfied: python-dateutil>=2.8.2 in /usr/local/lib/python3.12/dist-packages (from pandas>=1.3.0->yfinance) (2.9.0.post0)\n",
            "Requirement already satisfied: tzdata>=2022.7 in /usr/local/lib/python3.12/dist-packages (from pandas>=1.3.0->yfinance) (2025.2)\n",
            "Requirement already satisfied: charset_normalizer<4,>=2 in /usr/local/lib/python3.12/dist-packages (from requests>=2.31->yfinance) (3.4.3)\n",
            "Requirement already satisfied: idna<4,>=2.5 in /usr/local/lib/python3.12/dist-packages (from requests>=2.31->yfinance) (3.10)\n",
            "Requirement already satisfied: urllib3<3,>=1.21.1 in /usr/local/lib/python3.12/dist-packages (from requests>=2.31->yfinance) (2.5.0)\n",
            "Requirement already satisfied: pycparser in /usr/local/lib/python3.12/dist-packages (from cffi>=1.12.0->curl_cffi>=0.7->yfinance) (2.22)\n",
            "Requirement already satisfied: six>=1.5 in /usr/local/lib/python3.12/dist-packages (from python-dateutil>=2.8.2->pandas>=1.3.0->yfinance) (1.17.0)\n"
          ]
        }
      ],
      "source": [
        "pip install yfinance\n"
      ]
    },
    {
      "cell_type": "code",
      "execution_count": 3,
      "metadata": {
        "id": "U1W7B9kG3lv6"
      },
      "outputs": [],
      "source": [
        "import yfinance as yf\n",
        "import pandas as pd\n",
        "import numpy as np\n",
        "import matplotlib.pyplot as plt\n",
        "from sklearn.model_selection import train_test_split\n",
        "from sklearn import datasets, linear_model\n",
        "from sklearn.metrics import mean_squared_error, r2_score\n",
        "from sklearn.neural_network import MLPRegressor\n",
        "from sklearn.datasets import make_regression\n",
        "from sklearn.model_selection import train_test_split\n",
        "from sklearn.tree import DecisionTreeRegressor\n",
        "from sklearn.ensemble import RandomForestRegressor\n",
        "\n",
        "\n",
        "#setup\n",
        "#code\n",
        "ticker = yf.Ticker('SBUX') #import data\n",
        "aapl_df = ticker.history(period=\"5y\") #get data from 5 year period in dataframe\n",
        "aapl_df.drop(['High','Close','Volume','Dividends','Stock Splits'], axis=1, inplace=True) #only have two columns, not seven\n",
        "open = np.empty(shape = (1259), dtype = float)\n",
        "close = np.empty(shape = (1259), dtype = float)\n",
        "\n",
        "open=aapl_df[['Open']].to_numpy()\n"
      ]
    },
    {
      "cell_type": "code",
      "execution_count": 5,
      "metadata": {
        "colab": {
          "base_uri": "https://localhost:8080/"
        },
        "id": "zvPElkpv4Wa8",
        "outputId": "f4755c52-22f3-4f8d-fb42-3967303b651c"
      },
      "outputs": [
        {
          "output_type": "stream",
          "name": "stdout",
          "text": [
            "[78.82511809 77.97417672 77.75918605] 74.22102737464712\n",
            "[67.45586558 67.82623959 67.06696589] 65.81693317158339\n",
            "Coefficients: \n",
            " [ 0.03746197 -0.04851096  1.00466704]\n",
            "Mean squared error: 2.53\n",
            "Mean squared error: 2.75\n",
            "Mean squared error: 6.67\n",
            "Mean squared error: 3.61\n"
          ]
        }
      ],
      "source": [
        "X = np.zeros((1260,3))\n",
        "Y = [0]*1260\n",
        "\n",
        "for i in range(1250):\n",
        "  X[i] = [open[i][0], open[i+1][0], open[i+2][0]]\n",
        "  Y[i] = open[i+3][0]\n",
        "print(X[0],Y[0])\n",
        "\n",
        "X_train, X_test, Y_train, Y_test = train_test_split(X, Y, test_size=0.33)\n",
        "\n",
        "print(X_train[0],Y_train[0])\n",
        "\n",
        "linearM = linear_model.LinearRegression()\n",
        "\n",
        "linearM.fit(X_train, Y_train)\n",
        "\n",
        "# Make predictions using the testing set\n",
        "linearPred = linearM.predict(X_test)\n",
        "\n",
        "# The coefficients\n",
        "print(\"Coefficients: \\n\", linearM.coef_)\n",
        "# The mean squared error\n",
        "print(\"Mean squared error: %.2f\" % mean_squared_error(Y_test, linearPred))\n",
        "# The coefficient of determination: 1 is perfect prediction\n",
        "\n",
        "\n",
        "mRegr = MLPRegressor(random_state=1, max_iter=20000).fit(X_train, Y_train)\n",
        "mRegrPred = mRegr.predict(X_test)\n",
        "print(\"Mean squared error: %.2f\" % mean_squared_error(Y_test, mRegrPred))\n",
        "\n",
        "decisionTree = DecisionTreeRegressor(max_depth=50)\n",
        "decisionTree.fit(X_train,Y_train)\n",
        "decisionTreePred = decisionTree.predict(X_test)\n",
        "print(\"Mean squared error: %.2f\" % mean_squared_error(Y_test, decisionTreePred))\n",
        "\n",
        "randomForest = RandomForestRegressor(max_depth=50, random_state=0)\n",
        "randomForest.fit(X_train, Y_train)\n",
        "randomForestPred = randomForest.predict(X_test)\n",
        "print(\"Mean squared error: %.2f\" % mean_squared_error(Y_test, randomForestPred))\n",
        "\n",
        "#randomForestPred2 =randomForest.predict(X_train)\n",
        "#print(\"Mean squared error: %.2f\" % mean_squared_error(Y_train, randomForestPred2))\n"
      ]
    },
    {
      "cell_type": "code",
      "execution_count": 6,
      "metadata": {
        "colab": {
          "base_uri": "https://localhost:8080/"
        },
        "id": "etlbILXsZAPL",
        "outputId": "e0df5220-93e2-40bd-efff-bd74b822feba"
      },
      "outputs": [
        {
          "output_type": "stream",
          "name": "stdout",
          "text": [
            "15616.062376497359 0\n"
          ]
        }
      ],
      "source": [
        "money = 10000\n",
        "stocks = 0\n",
        "prediction = linearM.predict(X)\n",
        "for i in range(1240):\n",
        "  if prediction[i+1] > Y[i] and money >= Y[i]:\n",
        "    stocks = stocks + 1\n",
        "    money = money - Y[i]\n",
        "  elif prediction[i+1] < Y[i] and stocks > 0:\n",
        "    stocks = stocks - 1\n",
        "    money = money + Y[i]\n",
        "money = money + stocks * Y[1240]\n",
        "stocks = 0\n",
        "print(money,stocks)\n",
        "\n",
        "\n"
      ]
    },
    {
      "cell_type": "code",
      "execution_count": 7,
      "metadata": {
        "colab": {
          "base_uri": "https://localhost:8080/"
        },
        "id": "AvBA4CW5Tbp5",
        "outputId": "5eb5917f-cb17-4717-99b3-1b9c0def448f"
      },
      "outputs": [
        {
          "output_type": "stream",
          "name": "stdout",
          "text": [
            "18853.085178007874 0\n"
          ]
        }
      ],
      "source": [
        "money = 10000\n",
        "stocks = 0\n",
        "prediction = linearM.predict(X)\n",
        "for i in range(1240):\n",
        "  if prediction[i+1] > Y[i] and money >= Y[i] * 2:\n",
        "    stocks = stocks + 2\n",
        "    money = money - Y[i] * 2\n",
        "  elif prediction[i+1] < Y[i] and stocks > 1:\n",
        "    stocks = stocks - 2\n",
        "    money = money + Y[i] * 2\n",
        "money = money + stocks * Y[1240]\n",
        "stocks = 0\n",
        "print(money,stocks)"
      ]
    },
    {
      "cell_type": "markdown",
      "metadata": {
        "id": "RxUWFoQF3VfB"
      },
      "source": []
    },
    {
      "cell_type": "code",
      "execution_count": 8,
      "metadata": {
        "colab": {
          "base_uri": "https://localhost:8080/",
          "height": 1000
        },
        "id": "YhlDF4oNrG-V",
        "outputId": "a8af2fe8-186a-473c-dbb3-8c20db60663a"
      },
      "outputs": [
        {
          "output_type": "stream",
          "name": "stdout",
          "text": [
            "0.2318095119091039 0.25033226657692564 0.2799291101239078 0.23792911139006268\n",
            "0.3382853776609205 0.3257435116629325 0.11413715260557047 0.2218339580705767\n",
            "0.3312123231610576 0.27976537932998746 0.04805897043466551 0.34096332707428945\n",
            "0.21657352811086109 0.6600185019511295 0.0063358046532383345 0.11707216528477107\n",
            "0.14076733367430094 0.7790841420728 0.008291937983258384 0.0718565862696406\n",
            "0.1342210131951708 0.8233119226469691 0.002303609861620826 0.04016345429623934\n",
            "0.19907746990370487 0.7359748782832829 0.0029541798220802753 0.061993471990932005\n",
            "0.2151004231998672 0.7200110461335757 0.0021158449365810818 0.06277268572997606\n",
            "0.1938311070450876 0.7339785446524342 0.0012379055038653464 0.07095244279861285\n",
            "0.20268671661811408 0.7238677164327159 0.0011886976856933587 0.07225686926347676\n",
            "0.17686169741747973 0.7493534864465 0.000741875155531063 0.07304294098048929\n",
            "0.18243473846561234 0.7709949455708685 0.0004036271316312331 0.04616668883188804\n",
            "0.19532344994917772 0.7140519719255625 0.00016385549541406296 0.09046072262984575\n",
            "0.1675252834550011 0.7631751889309042 0.0002470497038263793 0.06905247791026824\n",
            "0.16345446835499203 0.8062191986723405 7.177658786462503e-05 0.030254556384802803\n",
            "0.17213163263272038 0.8033038161852235 5.3971897064490015e-05 0.024510579284991608\n",
            "0.14517968079192412 0.8341030316267231 6.059563101489572e-05 0.020656691950337862\n",
            "0.1755533696124407 0.7731991275958374 9.602828074970305e-05 0.0511514745109721\n",
            "0.2400763474406448 0.7572551037968205 3.1315232691018745e-07 0.0026682356102076215\n",
            "0.3194189367759976 0.6781394735965565 2.814557344015488e-07 0.0024413081717116103\n",
            "0.3906298453953065 0.6056749018739608 5.055327118227728e-07 0.0036947471980209303\n",
            "0.47063550043712304 0.5265126837042343 1.6477419935120747e-07 0.002851651084443235\n",
            "0.4641200320951344 0.5340988921028871 1.6118393979809008e-09 0.0017810741901390416\n",
            "0.5752791731983151 0.4234704044236002 1.8315751077667556e-09 0.0012504205465097586\n",
            "0.5849974573883461 0.41323366096787884 1.8304932893555284e-09 0.0017688798132816025\n",
            "0.6761001971531526 0.3223291807174743 1.6962273640756292e-09 0.0015706204331456858\n",
            "0.712540258898111 0.28490653579627273 3.0234720695880827e-09 0.002553202282144252\n",
            "0.7228241064246147 0.27401297731446234 3.5074179367612423e-09 0.003162912753504999\n",
            "0.7126506901817856 0.2828936558947227 7.72685229192285e-09 0.004455646196639212\n",
            "0.6910477538194378 0.30605189703396085 3.861266219592574e-09 0.0029003452853351374\n",
            "0.7002162267841666 0.29541827354441164 3.9012457890577135e-09 0.004365495770175806\n",
            "0.787637118848169 0.2067575480491445 1.088939236895449e-09 0.0056053320137472076\n",
            "0.8266296734127179 0.16777355607362818 1.0543402324521441e-09 0.005596769459313704\n",
            "0.8426193771418701 0.15459379791802205 2.1960786995656346e-10 0.0027868247205000626\n",
            "0.9015116782766621 0.09758950326008521 9.126001075343888e-11 0.0008988183719925835\n",
            "0.9104855439227203 0.08871841169565796 1.2041551716220198e-10 0.0007960442612062877\n",
            "0.9112270136634888 0.08767194759028987 1.7709127220468893e-10 0.0011010385691301483\n",
            "0.9120323823559889 0.08689223223721773 1.7651444349880617e-10 0.0010753852302789327\n",
            "0.9112390578414404 0.08808518502001263 1.968991253930152e-10 0.0006757569416477589\n",
            "0.9401197905691662 0.05883269842949738 2.9003797207809516e-10 0.001047510711298528\n",
            "0.9371460834714909 0.06113496818245842 7.426542853647038e-10 0.0017189476033966757\n",
            "0.9418095743773156 0.05683193974941668 4.804423413637313e-10 0.0013584853928253612\n",
            "0.9016843363058655 0.09830491483642202 1.1700294947045294e-13 1.074885759528999e-05\n",
            "0.9462850104954326 0.05370913296466474 1.145577001730274e-13 5.856539788042161e-06\n",
            "0.9476662339266977 0.052327004151261694 8.916391050073526e-14 6.76192195153598e-06\n",
            "0.93711917536398 0.06287118863267119 1.3857512776869017e-13 9.636003210241459e-06\n",
            "0.9493496445634613 0.05064082313523559 5.827206922112836e-14 9.532301244838597e-06\n",
            "0.9594193910649356 0.040572468864161194 1.8974395534457874e-14 8.140070884323335e-06\n",
            "0.9679333333008184 0.03206234560904895 6.229065380694946e-15 4.321090126555686e-06\n",
            "0.9679178438056819 0.032078518604231825 3.0611066184343e-15 3.637590083049398e-06\n",
            "0.9593804277136901 0.04061632905243598 1.989008640465822e-15 3.2432338719915383e-06\n",
            "0.9606031159170607 0.03939237898532937 1.9914871231689872e-15 4.505097607999961e-06\n",
            "0.9586663684696176 0.04132595727412433 2.014305604711853e-15 7.674256256048194e-06\n",
            "0.9405224712284108 0.059458612163883616 4.238059975094148e-15 1.8916607701408136e-05\n",
            "0.9591920294118788 0.04080791233533032 9.29527698510825e-19 5.825279100171177e-08\n",
            "0.9634180782037832 0.03658187191950245 2.860602822559154e-19 4.987671426151336e-08\n",
            "0.9666574844534311 0.033342448818921906 4.062962309987202e-19 6.672764676477468e-08\n",
            "0.9635601457720284 0.03643980224607334 5.803915149528002e-19 5.1981898100359854e-08\n",
            "0.9696066534285749 0.03039331444349213 1.5847385621880783e-19 3.212793290697158e-08\n",
            "0.97539016450786 0.024609790412900873 6.702861760529976e-20 4.5079239196586735e-08\n",
            "0.9798834316994264 0.02011653452679412 2.5786765458988178e-20 3.3773779454526516e-08\n",
            "0.9795361011632602 0.020463850711008813 1.9930171828327473e-20 4.8125730963116513e-08\n",
            "0.9829596627397635 0.017040282988354864 2.2061463044287832e-20 5.42718816780329e-08\n",
            "0.9784802120593582 0.021519710726867564 2.2853426577084172e-20 7.721377429411483e-08\n",
            "0.9737030401967168 0.026296868581782904 2.0070359187986877e-20 9.122150035295337e-08\n",
            "0.9669635252937583 0.03303632422871159 2.8665464650574764e-20 1.5047753016651383e-07\n",
            "0.9424832163975206 0.057516675931331945 3.6453098257959594e-20 1.0767114728982506e-07\n",
            "0.9417688864992542 0.05823101150849479 3.099303080918273e-20 1.0199225100959327e-07\n",
            "0.9392964818392502 0.060703457693978856 1.6849643850816435e-21 6.046677082063253e-08\n",
            "0.9409827338934288 0.059017165126351946 2.819698517040538e-21 1.009802191263114e-07\n",
            "0.9427856809498294 0.0572142027955383 2.8634051313678094e-21 1.1625463229009507e-07\n",
            "0.9602947418495508 0.03970512935884748 1.742238045479946e-21 1.287916018413481e-07\n",
            "0.9738227613718905 0.02617717591464426 8.679861311807638e-22 6.271346520936524e-08\n",
            "0.9747441340269115 0.02525581733513658 4.368276271365997e-22 4.86379518687614e-08\n",
            "0.9810806328353041 0.018919312230723885 1.945037159962673e-22 5.493397198594753e-08\n",
            "0.9724743124120145 0.027525644736784777 4.37005093599972e-22 4.2851200675456235e-08\n",
            "0.9599814255245829 0.040018516934541795 6.3700866302363e-22 5.7540875393976685e-08\n",
            "0.921071886158182 0.07892801466962626 4.393613692521021e-22 9.917219164480456e-08\n",
            "0.9356989522804366 0.06430101342583984 3.829537008515317e-23 3.429372345505561e-08\n",
            "0.925453089735744 0.07454689813569111 1.5925902655688372e-23 1.2128564968476722e-08\n",
            "0.9472627958099893 0.052737193325312404 1.5202998071599195e-23 1.0864698268069048e-08\n",
            "0.9168264993028928 0.08317349138973376 6.776337833234567e-24 9.307373393910318e-09\n",
            "0.9320062528324924 0.06799373940945949 1.8798555026796228e-24 7.75804804666252e-09\n",
            "0.8902693404144802 0.10973065449426753 7.217079080853059e-25 5.091252145512055e-09\n",
            "0.8766310248866318 0.12336897053223324 8.345940892719334e-25 4.5811350069268764e-09\n",
            "0.8873240928176772 0.11267590352837734 1.0261876969060477e-24 3.653945362555794e-09\n",
            "0.8862664159377112 0.11373358030228847 7.021795450334513e-25 3.760000286393462e-09\n",
            "0.8859447215153753 0.11405527319363332 7.663076723370238e-25 5.2909915150929895e-09\n",
            "0.9069662078886632 0.09303378488718113 1.065105747988331e-24 7.224155729320135e-09\n",
            "0.9179847502428623 0.08201523942261446 1.2493579741814668e-24 1.0334523103554843e-08\n",
            "0.9193403345474933 0.08065965774216073 1.238120574015459e-24 7.710346053402126e-09\n",
            "0.9453252826507417 0.05467471074435976 8.425603355248934e-25 6.604898606468149e-09\n",
            "0.92943847560245 0.0705615186486852 1.0136678774319783e-24 5.748864908342246e-09\n",
            "0.9608129206497292 0.03918707621359556 1.4002938166693855e-24 3.1366750977424955e-09\n",
            "0.9548634135683106 0.0451365828856166 1.8032350099139178e-24 3.546072794952838e-09\n",
            "0.9701761820547143 0.029823816145625962 1.71302302987592e-24 1.7996598866696533e-09\n",
            "0.9575460477848788 0.042453950702532696 1.536707231568696e-24 1.5125885752158795e-09\n",
            "0.9586099824337146 0.041390015999857324 1.4451386078971174e-24 1.5664279218460535e-09\n",
            "0.9639501375908466 0.03604986163874344 9.268722076588898e-25 7.704100184952359e-10\n",
            "0.9922509212765184 0.0077490784480765944 1.1600780271294113e-25 2.7540506487375784e-10\n",
            "0.9915990118460091 0.0084009878022043 8.080080844703891e-26 3.517867490171546e-10\n",
            "0.9941414085799228 0.005858591091313967 3.71937006957639e-26 3.287633230428635e-10\n",
            "0.9944382161377299 0.005561783084393826 7.543056234618359e-26 7.778763112532463e-10\n",
            "0.9952955897800319 0.0047044095567946925 7.364451540380727e-26 6.631734525463605e-10\n",
            "0.994790686385367 0.005209313072899288 6.378086624923233e-26 5.417335497953997e-10\n",
            "0.9944135306881389 0.005586468767462105 3.955286258993827e-26 5.443989848559076e-10\n",
            "0.9921775608403484 0.007822438634907496 5.15799006807988e-26 5.247441509989217e-10\n",
            "0.9918406294860902 0.008159369964547487 6.75267013869648e-26 5.493622939571937e-10\n",
            "0.9946565896242706 0.005343409677384351 5.367680306738006e-26 6.983451477353998e-10\n",
            "0.9865617083743613 0.013438290779390103 5.401774905765723e-26 8.462485403728603e-10\n",
            "0.9837329335899166 0.01626706541108996 5.223798647825912e-26 9.98993407497769e-10\n",
            "0.9806501647322391 0.01934983474403178 2.645995236044937e-26 5.237291501204446e-10\n",
            "0.9802522194229046 0.019747780163930976 1.446075150054666e-26 4.131643698048651e-10\n",
            "0.9859649949085698 0.014035004567774038 9.697098391343543e-27 5.236561563505569e-10\n",
            "0.9879784785663684 0.012021521225546351 1.1409397093645171e-27 2.0808510639216693e-10\n",
            "0.9808828554171015 0.019117144272756504 9.969384811295383e-28 3.10141888039015e-10\n",
            "0.9845944969417294 0.015405502774680887 4.0354431104463535e-28 2.8358972901741364e-10\n",
            "0.9926094907144706 0.00739050908390617 4.30452311656718e-28 2.0162320552393341e-10\n",
            "0.9886107582431626 0.011389241661482958 8.552098941326032e-29 9.535447275356505e-11\n",
            "0.9908690272448699 0.009130972713845591 8.555111329748173e-29 4.1284540913929585e-11\n",
            "0.9898202355120816 0.010179764462809363 6.24011866069932e-29 2.5109090950027983e-11\n",
            "0.9889175646377641 0.011082435333953491 8.132920507614483e-29 2.8282298958614904e-11\n",
            "0.9895295875715295 0.010470412413670135 1.0163231338577834e-29 1.4800217055984223e-11\n",
            "0.9850147830463282 0.014985216942012502 1.1774255608846699e-29 1.1659436495219836e-11\n",
            "0.9888098319369162 0.011190168051867531 1.3149359659811682e-29 1.1216394761353232e-11\n",
            "0.9900804472504753 0.009919552742726913 8.594224682872667e-30 6.797896694105686e-12\n",
            "0.992682838374756 0.007317161618778972 3.9336704648166495e-31 6.464979989820052e-12\n",
            "0.9940361403353991 0.005963859658838157 1.1256085103554453e-31 5.762634267250429e-12\n",
            "0.9907134507868246 0.009286549203733114 2.1036336229161623e-31 9.442259071310566e-12\n",
            "0.9886145185145885 0.01138548147658872 1.7799025199424015e-31 8.822718642121551e-12\n",
            "0.9904124380465593 0.009587561945373647 2.9962609035713885e-31 8.067126354812745e-12\n",
            "0.9915897292324355 0.008410270763631222 1.808025122782576e-31 3.9331578661783096e-12\n",
            "0.9893133456928517 0.010686654304214241 7.540899817219716e-32 2.9341746007028346e-12\n",
            "0.9901327961464564 0.009867203852053566 1.9852234632177922e-32 1.4900188779113037e-12\n",
            "0.9938591649783012 0.0061408350207309255 6.307360479355389e-33 9.679767195160302e-13\n",
            "0.9931017157706855 0.006898284228152902 6.043502784239174e-33 1.161641144970611e-12\n",
            "0.9891387901645172 0.01086120983433335 1.0166647995939371e-32 1.1493938936212781e-12\n",
            "0.9859687348399068 0.014031265158908969 8.431585818786581e-33 1.1842826514849754e-12\n",
            "0.9775236324253115 0.022476367573893343 7.76080904958817e-33 7.95132949457946e-13\n",
            "0.9922730360608686 0.007726963938966528 1.3278471749987267e-33 1.6492782170432414e-13\n",
            "0.9862150751772839 0.013784924822462767 2.2146913995546275e-33 2.5322479662128264e-13\n",
            "0.984660910760479 0.015339089239272201 2.7236784864873123e-33 2.4881753268196807e-13\n",
            "0.9817658024851114 0.018234197514558962 3.343356736631265e-33 3.298317562974216e-13\n",
            "0.9852928869111379 0.014707113088337501 5.1321622540555735e-33 5.245907244610039e-13\n",
            "0.9912395283183556 0.008760471681198994 3.890986422707902e-33 4.453055578864767e-13\n",
            "0.9943492838488579 0.0056507161503985565 6.348468195285486e-33 7.434974758250766e-13\n",
            "0.9940640951166095 0.005935904882669491 4.3907602572162706e-33 7.209639657781082e-13\n",
            "0.9942115543616197 0.0057884456376721665 4.2455155067088765e-33 7.081414383880637e-13\n",
            "0.9898171783732213 0.01018282162651198 8.847558398096293e-34 2.668744606687387e-13\n",
            "0.9905813112719052 0.009418688727626651 1.0041454179710471e-33 4.681922335145567e-13\n",
            "0.9924408873618522 0.007559112637580799 9.641449085470168e-34 5.669433153473433e-13\n",
            "0.9945203999794366 0.005479600020183242 3.828541652428906e-34 3.80219778628429e-13\n",
            "0.997037331424692 0.002962668574963947 2.8126272700474973e-34 3.440729156322965e-13\n",
            "0.996634391803949 0.0033656081955949877 3.7288257566344117e-34 4.558524666473062e-13\n",
            "0.9967660210896504 0.0032339789100203666 2.099744469130619e-34 3.291464589032481e-13\n",
            "0.9966822397167819 0.0033177602829617524 1.4928737493184418e-34 2.5629878763096145e-13\n",
            "0.9970667421258352 0.002933257873885525 2.108860887943768e-34 2.792601930932834e-13\n",
            "0.9968682917183865 0.0031317082812832237 2.5188868108780746e-34 3.302500565396438e-13\n",
            "0.9973723664503574 0.002627633549418546 1.9782011044187163e-34 2.2399594964452745e-13\n",
            "0.9962729834723032 0.0037270165275518842 1.0733667401240243e-34 1.4477292814860014e-13\n",
            "0.9921127314068335 0.007887268592990541 3.4906958153757805e-35 1.7591593273996819e-13\n",
            "0.9903330959629849 0.009666904036846063 2.59243208185343e-35 1.6890397356908449e-13\n",
            "0.9850635764727677 0.01493642352683208 5.693864979067068e-35 4.0029014715028533e-13\n",
            "0.9788648228538048 0.021135177145993472 2.857209047076491e-35 2.0156340684205856e-13\n",
            "0.973108721926672 0.026891278073171068 2.1175980743918892e-35 1.5685637994168704e-13\n",
            "0.9580553926506997 0.04194460734920564 2.278509743618295e-35 9.477770784296986e-14\n",
            "0.9567975374784579 0.04320246252145642 1.2939362950635636e-35 8.571839703048575e-14\n",
            "0.9767447354314674 0.023255264568483647 8.78217104012875e-37 4.8933140420715205e-14\n",
            "0.9739955203523755 0.02600447964759764 1.327476116290032e-37 2.686695399904062e-14\n",
            "0.9522494046062259 0.0477505953937252 7.933430970585478e-38 4.8971383616319874e-14\n",
            "0.9492653812876571 0.05073461871230883 7.162543346053674e-38 3.408073593890685e-14\n",
            "0.9541128690240424 0.045887130975934685 2.5583743743404404e-38 2.3055480393261744e-14\n",
            "0.8861660769514028 0.1138339230485405 4.97633164789389e-39 5.6804847827631576e-14\n",
            "0.8701191667089597 0.12988083329097325 7.336269051805178e-39 6.712793229782003e-14\n",
            "0.8178709522823651 0.18212904771744165 5.567586972190143e-39 1.9325649119186888e-13\n",
            "0.8120349833412952 0.18796501665845272 5.622856959661192e-39 2.5216317080311486e-13\n",
            "0.788128921451873 0.21187107854802859 9.04637784998549e-40 9.842927097928126e-14\n",
            "0.7539414960659253 0.24605850393401835 7.334074928112132e-40 5.647330255906355e-14\n",
            "0.7197870038652091 0.28021299613476003 6.977408192951012e-40 3.095041500480973e-14\n",
            "0.6813374778356979 0.3186625221642652 6.018568864579696e-40 3.69368631913933e-14\n",
            "0.6671724276478398 0.3328275723521307 2.1685077227941122e-40 2.967668844728743e-14\n",
            "0.6923359642492205 0.3076640357507502 1.936323318158911e-40 2.928450625791491e-14\n",
            "0.7311571907003467 0.2688428092996338 8.503498494971932e-41 1.952239525946624e-14\n",
            "0.7185936706945861 0.281406329305398 3.6026705719057964e-41 1.5879889036954516e-14\n",
            "0.7763884995200845 0.22361150047990017 2.5668423328761637e-41 1.5454228495532746e-14\n",
            "0.8710540725676916 0.12894592743229694 2.2732592661904873e-42 1.1508240847602501e-14\n",
            "0.9145939762732465 0.08540602372674176 2.4725234491237273e-42 1.1857592137687357e-14\n",
            "0.9502959664302598 0.04970403356972543 3.9731101809505024e-42 1.4813337394291137e-14\n",
            "0.9295867008437508 0.07041329915622954 3.908085360748329e-42 1.972874560788143e-14\n",
            "0.947454889160947 0.052545110839025265 6.023359694275638e-43 2.75719470596053e-14\n",
            "0.9481150295554682 0.051884970444505116 5.4734897272511136e-43 2.6620469295760458e-14\n",
            "0.9564595771314318 0.043540422868545064 5.34926873932404e-43 2.311927000755354e-14\n",
            "0.9605209702673696 0.03947902973261335 3.4916380633559814e-43 1.71074728486989e-14\n",
            "0.9544680314038391 0.04553196859614763 4.788662372147914e-43 1.3274528670440398e-14\n",
            "0.9507337193290594 0.04926628067092996 7.152902444508077e-43 1.068990079549743e-14\n",
            "0.9546097710959032 0.045390228904092646 1.7954261954629597e-43 4.18341937959612e-15\n",
            "0.948929749496984 0.051070250503014225 7.443210898118595e-44 1.7604861324780445e-15\n",
            "0.9560618136333238 0.04393818636667449 7.297404359097792e-44 1.7499790414716404e-15\n",
            "0.9518469832976147 0.0481530167023822 1.0284945337841853e-43 2.957067624845262e-15\n",
            "0.9532751417832197 0.04672485821677791 8.863597531339101e-44 2.2811786334789704e-15\n",
            "0.9505119403511961 0.04948805964880289 4.695613984073009e-44 1.0036472968386448e-15\n",
            "0.9500309159456549 0.0499690840543443 3.2931829677076566e-44 8.21350176324083e-16\n",
            "0.9509350542045888 0.04906494579541068 2.5487146914737836e-44 5.805400956965005e-16\n",
            "0.9566552460676849 0.04334475393231449 1.6829655737885264e-44 5.730271391500438e-16\n",
            "0.9701065041077876 0.02989349589221173 2.9144847477274505e-45 6.007042115724063e-16\n",
            "0.9668394970491063 0.03316050295089296 1.2711927868672616e-45 5.809318095206696e-16\n",
            "0.9682320151641441 0.031767984835855266 2.0439975358308245e-45 5.879502125997032e-16\n",
            "0.9676296951322874 0.03237030486771197 1.1634484378952702e-45 6.764340023825407e-16\n",
            "0.960161387713913 0.03983861228608665 5.351017176426581e-46 3.604376125442395e-16\n",
            "0.9561067001132753 0.0438932998867245 2.1985949275071065e-46 2.1388460364476193e-16\n",
            "0.9762478047373413 0.02375219526265846 2.3831132367630764e-46 1.7316081434580407e-16\n",
            "0.9876024089210134 0.012397591078986567 9.055938815633589e-47 9.838929262171283e-17\n",
            "0.9905967306687198 0.009403269331279947 1.4733423166558591e-46 1.8876414055904647e-16\n",
            "0.9815211857677403 0.01847881423225929 8.849450935715105e-47 5.153328969913715e-16\n",
            "0.9890485550777275 0.010951444922272185 2.787183013853832e-47 3.149062726479951e-16\n",
            "0.9853406559146022 0.014659344085397596 1.0249232408005489e-47 1.319999557547388e-16\n",
            "0.9865935259387814 0.013406474061218268 1.225650830950387e-47 1.627491945596939e-16\n",
            "0.9883317965588999 0.011668203441099872 1.4249500860188158e-47 2.009186639781443e-16\n",
            "0.9830336135621058 0.016966386437894027 2.5124495421359884e-47 2.0095644341858185e-16\n",
            "0.9830736766092959 0.01692632339070395 5.0899925444617986e-48 1.1549945405875385e-16\n",
            "0.9845262913067845 0.015473708693215316 5.100915850535755e-48 1.945727563569845e-16\n",
            "0.9859182094765068 0.014081790523492756 1.0679255407632001e-47 4.6219146261507e-16\n",
            "0.9859532899454206 0.014046710054579034 6.396519276662745e-48 2.897608565643643e-16\n",
            "0.9868649940156673 0.01313500598433241 5.597063851542163e-48 2.3960323661074185e-16\n",
            "0.9880364651416721 0.011963534858327756 1.8586978451279256e-49 2.0991010260433526e-16\n",
            "0.9898723034616066 0.010127696538393342 8.510263206746933e-50 1.8411804692026186e-16\n",
            "0.9874908805704146 0.012509119429585257 3.186222524601228e-50 1.2501968102331978e-16\n",
            "0.9793258479278668 0.02067415207213301 8.762260435148493e-51 1.1477117204480386e-16\n",
            "0.9787488977477966 0.021251102252203263 1.082656364777792e-50 1.4466975437897323e-16\n",
            "0.9689398915757766 0.031060108424223146 1.1830679625350802e-50 8.722583721190329e-17\n",
            "0.9645409550397412 0.03545904496025873 9.762532783998174e-51 6.084287247770644e-17\n",
            "0.9607101275300322 0.039289872469967825 8.747511165662251e-51 8.967018520907834e-17\n",
            "0.9636449962004469 0.036355003799552955 7.951262349228658e-51 7.207521854499948e-17\n",
            "0.9737849065824595 0.026215093417540428 1.2131530932801743e-50 6.653921808691418e-17\n",
            "0.9672884999498333 0.0327115000501665 1.4883080708941254e-50 1.1707365702869533e-16\n",
            "0.9677082651574168 0.03229173484258306 7.039242868822919e-51 1.782451591559459e-16\n",
            "0.9624255904952635 0.03757440950473614 7.302254187316378e-51 2.520206026644688e-16\n",
            "0.9616393802645573 0.03836061973544254 3.607563018653675e-51 1.2381061017193798e-16\n",
            "0.9717497228948104 0.02825027710518942 2.1530337856187467e-51 6.291927187564943e-17\n",
            "0.9837749720555723 0.0162250279444277 1.1446458359847532e-51 2.800943772901745e-17\n",
            "0.993121621677227 0.00687837832277311 4.647015476424254e-52 3.02818337083786e-17\n",
            "0.989798028603892 0.01020197139610794 6.8949940166506e-52 4.4930571738301855e-17\n",
            "0.9936179628959578 0.006382037104042288 4.550626143589145e-52 2.8720489154885213e-17\n",
            "0.9942642581993105 0.005735741800689444 4.8112776811134865e-53 2.8014266539958503e-17\n",
            "0.9933168368753607 0.006683163124639286 1.577927956188224e-55 1.2852716749100452e-17\n",
            "0.989956752059357 0.01004324794064304 2.2109832200888728e-55 1.740502616625187e-17\n",
            "0.9956101922243407 0.004389807775659329 2.4925320525992335e-55 4.086147327371677e-17\n",
            "0.9954669157466957 0.00453308425330427 1.561010742798032e-55 3.7621794838286145e-17\n",
            "0.9962605817050707 0.003739418294929304 1.5158924373766485e-55 2.6615943079218595e-17\n",
            "0.9963017800912083 0.0036982199087917176 5.238228835851699e-56 2.2259889342725936e-17\n",
            "0.9977222456152782 0.0022777543847217934 4.812558096965383e-56 1.1121934955727865e-17\n",
            "0.9975331264989505 0.0024668735010493848 1.2885731563322864e-56 6.960906791258216e-18\n",
            "0.9980558281552557 0.001944171844744276 1.6427660087364075e-56 6.3324964109039526e-18\n",
            "0.9984899545287791 0.0015100454712209715 4.140217205472923e-56 1.0697540650077279e-17\n",
            "0.9984208631072373 0.0015791368927626547 4.092578916171215e-56 1.5791700803420066e-17\n",
            "0.9982930341974137 0.001706965802586413 2.5638627329606822e-56 1.2092447816421646e-17\n",
            "0.9985472156760244 0.001452784323975587 1.8432724794257e-56 8.948249508484958e-18\n",
            "0.9990758378223066 0.0009241621776934477 3.9785101428811496e-56 1.6457014340370364e-17\n",
            "0.9991801533272998 0.0008198466727000946 3.8403019546625604e-56 1.623739966364102e-17\n",
            "0.9991638053295604 0.0008361946704395656 3.235197278393595e-56 1.988092256851812e-17\n",
            "0.9986720079237871 0.0013279920762129436 2.11756029430483e-56 2.297195770980469e-17\n",
            "0.9985974284646744 0.0014025715353257488 1.7290590614104112e-56 1.0846460144478867e-17\n",
            "0.9983194076458514 0.0016805923541485517 2.99493151254043e-56 1.0730202864411814e-17\n",
            "0.9980813330167708 0.0019186669832292093 3.323180550933468e-56 1.118388557344679e-17\n",
            "0.9967391675681089 0.0032608324318911036 4.486061169359959e-56 2.3636253827063323e-17\n",
            "0.9959099254763066 0.004090074523693314 4.914130838242232e-56 2.6212452322623572e-17\n",
            "0.9973144026824312 0.0026855973175688532 1.1370883068097982e-56 2.5535828815187265e-17\n",
            "0.9968789056258496 0.0031210943741505157 3.339769963059094e-56 3.38596244442566e-17\n",
            "0.9973095354925234 0.002690464507476541 8.220508174385157e-57 1.8883125051673335e-17\n",
            "0.9978134650770656 0.0021865349229343712 1.774113630127816e-56 2.6415775475792284e-17\n",
            "0.999034439082623 0.0009655609173769737 1.1296671235447778e-56 2.8744721538271247e-17\n",
            "0.9988284808138873 0.0011715191861127383 1.8773508155443987e-56 3.9121770426860454e-17\n",
            "0.9986851383371262 0.0013148616628737447 1.3346071325108036e-56 4.5985515381483165e-17\n",
            "0.9990895712793023 0.0009104287206977751 8.817766619984058e-57 5.803272222201848e-17\n",
            "0.9988639554364165 0.0011360445635834732 1.3571020572970206e-56 5.341829189932531e-17\n",
            "0.9994082566468013 0.0005917433531987583 8.278387523387778e-57 3.1959076282692404e-17\n",
            "0.9993473305383229 0.0006526694616770893 1.060611166325342e-56 4.370207632155918e-17\n",
            "0.9993953181735208 0.0006046818264792198 4.659150274401281e-56 4.230302985708151e-17\n",
            "0.9992510699872629 0.0007489300127369409 1.2970070182787634e-55 6.86931181321771e-17\n",
            "0.9993856726522331 0.0006143273477669454 1.0152960887811971e-55 4.490057200687571e-17\n",
            "0.9992927378101758 0.000707262189824181 1.4067445480212241e-55 5.365315516126276e-17\n",
            "0.9988519937869539 0.0011480062130460563 8.169164582729574e-56 6.473935367512307e-17\n",
            "0.9982130553302035 0.0017869446697964346 2.617852173835082e-55 3.797754083370602e-17\n",
            "0.9988904063316617 0.0011095936683382813 4.506644202766169e-56 1.9159701487464242e-17\n",
            "0.9990850722837892 0.0009149277162107982 1.4248367629966016e-56 1.070827564031904e-17\n",
            "0.9993699229095548 0.0006300770904451007 4.164157441075033e-57 5.46730361874447e-18\n",
            "0.9992416861976474 0.0007583138023526741 9.12607108771798e-57 1.1835957261191287e-17\n",
            "0.9989748665425234 0.0010251334574765255 1.13837907998154e-56 7.634978405090123e-18\n",
            "0.9992668732120658 0.0007331267879342214 1.1913125443469813e-56 8.034332367266257e-18\n",
            "0.9990137407126327 0.0009862592873673374 1.8140337705649338e-56 9.963406026756113e-18\n",
            "0.9990287178733126 0.0009712821266874244 3.819603420966565e-57 7.870221589601034e-18\n",
            "0.9991303493092581 0.0008696506907418203 2.835779462380155e-57 9.716149712031675e-18\n",
